-172.33529638018808
-312.43943127822513
-350.36234353754827
-245.8471803731291
-114.3537334029968
-101.95832630081416
-156.7142953156239
-81.90384563924451
-164.07162656227854
-163.95249092594315
-105.06853744497698
-136.89233459918566
-247.66355718442543
-162.36678564698718
-120.27045160547416
-259.6261356016223
-129.64557482946856
-282.87580253811274
-190.29177483780853
-646.5843428463476
-154.42478968202522
-144.32075592287816
-213.73390144015073
-145.76682546646924
-112.46719444433116
-197.12826644201076
-316.94668808466633
-233.662178315748
-139.5620685677163
-245.0414193851742
-190.59955750060254
-230.28027306103587
-131.44172109056416
-166.81249706947764
-95.62936314767548
-140.79277746931538
-88.90892171102824
-92.88524714835334
-78.92278926805056
-157.37999249855167
-83.729262511218
-190.13753229474278
-167.97923983690077
-131.70950848743294
-139.7064384850364
-462.1255866762843
-264.7891734355134
-203.7857873869453
-312.9234521889176
-132.50541785416493
-126.10714560292017
-253.85601147640122
-132.51495597030458
-125.63313500709548
-171.2918293808203
-144.53473541017237
-284.25431096616177
-407.22204045144764
-157.61440363919849
-103.57420212763473
-174.62984683746822
-107.6383059552708
-189.42741853097422
-339.7826276726298
-234.93642528777463
-258.94767261284164
-164.17320180691618
-262.48784147979086
-74.39884826258456
-102.01243071689608
-172.2449145208237
-162.525753579089
-106.54748398003929
-191.37167850562903
-163.65421984750066
-153.71280888561495
-371.79263909693543
-169.89970537738367
-127.6525756272856
-125.24647741096523
-248.93824279631843
-91.80655106199214
-174.4580796158529
-159.4372677331421
-143.41204335585672
-200.18886573724214
-97.11433815355159
-88.05947427099727
-196.32168803400768
-188.7971992432695
-127.12713698086515
-123.84403477657906
-116.55517341866451
-248.25407639380023
-637.9826639735415
-425.42772465814465
-298.9832757199252
-150.6100601563952
-183.5174193534132
-132.90764459470492
