10.114383192856385
-33.20547307667338
-1.6718132101944043
12.764123557257378
-52.84488773690432
-25.14187634685793
-86.1208902388468
-52.65394852259456
-54.000846287527615
-21.246225186804462
-77.25970357448219
-20.576412996884812
-48.232421323663246
-80.53615695471812
-42.96112285075737
-89.83842573295499
1.2344064689811796
-90.63585557103126
-43.330816114598306
-49.27754706694191
-1.4494919754003925
-26.4037320548371
-1.5266307199493199
-1.8696243436528113
-5.174174592849585
-20.192982574281253
-17.501850055469113
-8.256747163386772
-10.49831634779753
-15.546961209431457
-17.87804582496214
2.0798740161280027
-53.75031946068489
-37.58997546499891
-40.603202453578405
-2.1254336641811804
-18.09152153356604
-39.96004971019026
-4.938630441980589
-72.19379244828883
-15.95553598024776
-30.004348536418636
-9.973328275017193
-12.151718456394697
15.279181821793529
-36.19872049026672
-28.593587391684252
-34.99447842218644
-17.068974315770166
-8.197557792258685
-37.5716873761143
-34.04252734742803
-30.115485553626694
-9.594316978301746
-40.11083727721531
-54.400529566866595
-45.397097383629756
-38.821238626358664
-65.16583695224611
-52.321396581836694
-42.438432083380796
-25.72285559843209
-23.527914833402235
-51.8269168868736
-19.914054697696038
-2.447912531480499
-32.791580809472826
-11.251426004513023
-34.0177462327036
-26.77042987582252
-18.5303782969827
-3.435181391788759
6.1439312600566325
-24.095270518077434
-27.50134527707473
-31.02810710626289
-48.3992438237928
-24.955592740925336
-14.419379635689841
8.85275169380353
-20.770597864316606
-69.2391860366149
-8.981384063267987
-24.58327619383562
-10.840589545936485
-3.137344195057759
13.719452324266095
-0.7751726449017854
13.955669857766043
-29.71939569393176
26.56274414678333
5.948777425524477
-20.051174903160785
-19.059935235692333
-39.209791994366604
10.915369948561622
-7.269581106048402
-16.275639438367204
-26.04784546410603
-8.60115688206447
3.905275946218346
-22.76704099292661
-8.63252445077473
23.978808102243292
23.15790137280246
-28.459269964893515
-12.691999134095667
-31.61411127607762
-12.049025776042251
-6.114233258671519
-13.766791052407022
5.938792324993738
-27.386926880170677
1.4602246764244937
-36.17380524231077
25.578676364362465
0.3310107865020383
-7.7217366752851015
-4.284493362609865
-22.12374843302439
-3.216849335865768
1.7737096570389896
6.330714131280505
-35.68243206437771
-6.146250992602354
-46.75305230531585
19.277026981716816
-3.2288044180590654
-2.7458309113292176
6.588392942416058
-1.9823666395651265
-23.843054297735573
13.161719427021467
-17.744291516243447
0.49635879469883726
-12.062555796715367
-4.974592532183318
5.462124489698985
2.669361381049452
-18.141231485018135
26.684768329306984
-27.686672586793293
-15.185483098852025
-6.442684510402979
-4.085584987018504
-19.00821282198549
-2.68638446985248
-3.0783075028089977
12.776482046221037
-12.794176966174236
-4.88539417062764
-8.234352503117123
7.934192836899204
-7.724925726616767
-7.248682255837455
9.382918862286946
4.766698385474687
-29.483912123765737
18.49694184022446
-4.227760980704145
2.40183904085235
33.53790769925243
16.221188994838332
7.3890008718239635
14.3675289091889
6.326541187931802
-0.8384602307485234
-4.818753189980254
-17.254863015181105
23.60896928566291
-8.28335916164102
5.490106328960367
0.751301325284018
4.4287174327999
6.5800188691751815
-28.48105853632861
8.602261455381305
-1.4454366848680678
10.644087481052953
3.617321519025058
2.995488521902953
-11.441791013319943
2.3171679463947203
2.5876875668501595
-5.427556550144301
-24.673741766581447
9.560532539216627
-3.268870951021201
-7.787134550215723
7.852320630429665
2.3587621585905527
16.67201469542806
22.081270248847897
3.2218304838113783
-20.15750196934622
10.308195288606326
19.54567487749
13.387045310423655
16.588080564226836
28.629252999418313
21.547671909439888
8.944768775115033
-0.8000691905113215
2.8722457407812003
7.392148333124268
-7.553048850950303
-8.744249589163935
0.9056885446963365
6.182608778228991
21.867853829516783
-9.123317882328196
2.071188388833064
-7.032789745306315
-5.5237832980221615
-19.459964587441945
-4.379580308230155
-5.948642213309143
-12.338668095151087
-25.470964542393464
-2.1063425183215854
2.82873202285453
-11.389151895595624
-25.141053678892618
-16.102498932681968
-41.87173083426334
-32.74175620147026
-53.75393175752362
-25.48341714863709
-21.957549899793435
-28.44609198444554
-23.72710141681593
-0.4141017889111174
0.06173365244369425
-2.9685688275354907
3.4844165125213857
7.791872576647771
-9.762840963578842
-10.100957957903507
21.86166772865931
14.76970123404014
7.7281338779511355
-42.15610123178707
4.950156948986448
-6.823958859244335
3.626138617985375
12.47563373626149
-30.382860027966576
2.7089756310498663
-2.2572489060384457
-20.027282765870854
-3.8040888477349695
11.28608001272227
12.28993747839276
9.913720602907809
4.103531669381022
-6.650618343765674
20.207531903721037
3.9359226233332785
0.3416918805588964
27.723444632013084
-6.2999494874008946
-0.31726407844039617
-5.379584254698054
23.02478880656772
1.1234995177352007
-1.4403310714399045
2.051437487596111
13.884390249468144
-12.187832020801785
-7.578218964204575
-28.066839639350853
15.343238357993465
-10.049453247900434
4.770824007958845
17.906658335076973
16.125835278083823
5.078118156300748
-11.58398962253006
-19.781254734854656
-2.955027479200036
3.4259212090661464
-7.019068237811692
-4.552674849570643
1.7932922158497229
-8.761400871749778
16.62393307981406
11.13037837193562
0.5704499452107958
5.4960968441092
-3.3113320452955928
24.401787356242686
-7.769990393235411
11.446387406253567
8.231534982612061
11.938094446089712
-20.617247146808875
9.018466667879803
19.45785409364677
-3.739050596049805
18.25534409749736
6.043155809162169
-0.5437788066951763
5.234141251693775
-8.002283591927611
16.15486330898787
10.606233208181166
-2.806333374578896
-13.12263124968974
4.726051653097928
15.724925747947248
2.2088760256653797
-11.046707426204847
24.37444662274533
-2.0458992543555437
-0.9984553275152115
3.8911422393628854
21.242772791122796
1.744014842283169
-7.390857021685349
-7.899624968401591
-18.684905264327533
-27.750776181122802
15.368613612937516
-34.53723775912324
1.8155592971772274
19.506512040582443
10.953644362638125
11.052097016671949
-7.885182059407642
11.10279919741946
15.880405888563875
-5.845662933232387
-1.2343854176757891
-2.733193415772907
-12.445670528669485
6.625310587206154
-1.3376333448698428
0.8011775472955417
12.125134679841379
6.740820428047987
19.582409255246745
-21.232049796177584
13.80999595219816
9.130246298208265
-6.136861443986209
-37.14874769238784
-4.656229209867138
11.761543751143492
2.4370134838158783
-3.255310263857415
-5.769553936466798
24.846306032424025
-20.837319604630917
16.81582723408248
-6.905523769702427
-12.584354020635974
-19.098720754684354
-9.953110178483051
-26.477856040240077
-17.556260361881755
0.05452030729475332
-3.7560288883426973
-11.368062989654174
-20.17729116283695
-22.712300802526595
27.215072689267156
5.673230848386279
9.61077732550597
29.19735910837663
-41.77244065875344
23.52618106837042
8.38185580316131
-4.468931638849439
1.195597526538673
-6.974024608544848
12.09132060245445
-10.03674761027666
6.417820100379601
6.117743576983065
13.54386989949128
-17.514958309446087
-6.225238542218948
19.026244832006288
2.5473036103197937
-3.1682330743785987
-9.215885201112709
1.4139071640389043
-0.5188642516134452
-17.106757894623993
4.827509651844901
11.398486053154745
24.782625138538126
4.026378998225363
-2.43953900355681
20.809748128532863
3.810430655249716
14.990737167527033
7.940220407945808
-4.053677819943251
5.676159277509238
