-5.580741300709937
-13.782323510726817
8.488676394546511
-18.31690771714779
-12.843165467413174
17.915032137884104
15.549271865135614
-14.361429640434862
1.9682518570735152
-5.4469682593098225
-2.044928651176098
-13.568341043699185
-1.9163335310633998
-11.939045698347408
5.141716244199755
-9.463139582290463
-3.621332113881265
-23.18049937976245
3.026643631488397
12.841780525541955
-3.7893732252940087
16.42024950015012
-5.764945079199327
4.384227623449674
7.294551501385404
-8.683529082659446
7.428797724394126
10.216283531667155
1.9844114281967087
-6.714943144741953
-18.31962852359266
-24.68015369737187
-23.467487002308495
4.3814967572946175
-10.202316999845987
9.550394982787113
-30.609500780878978
-11.522949028401708
-30.212581118381344
2.4246264746560326
-19.51570753767076
-18.418448167330418
-9.457996593701155
10.394517110797178
-14.272163488721421
-2.3152051765239627
1.0927829189227736
9.306718983327512
-13.832134759024528
14.278559481708166
-2.8961988748229546
-21.24348172520847
10.871356686024804
-1.9374271300271846
7.927445413089031
-16.496695499988427
-2.663702675177597
-11.001378881637976
14.308591711229765
-14.095600957499858
-14.580511461766605
-3.3222871211443152
2.8777028135697904
10.194124533772493
-0.8197280930110997
4.100094884393027
6.221944224857351
-10.260733669144818
4.71328914331347
-6.20413362398485
-3.512499364623412
-1.799811903952701
-12.727970642345237
17.177164488043488
-12.199037449827852
12.843083475401892
-15.165137102949647
-9.699363330927758
30.451638996323183
-10.526143159887322
-11.490965005835248
-23.217346509570426
11.90745141483719
-12.215091326441847
3.7048619803574985
-5.1688453629917746
-4.291916977448093
0.7195286303734088
-0.24562668784201946
-27.180107414376188
-20.023031749096383
-20.863557119864932
12.04985331378934
4.048932521120005
-11.80764745853153
-9.965552490177528
-19.35594563694929
7.415577675095163
7.1243160935248095
-12.456907475357427
-13.545789694944629
-1.2520022518541989
-6.648405093461391
-8.181264480684
-2.620923453222169
7.57443705492119
-16.454465902815773
-41.72393890664371
-19.185963151923218
-19.068725698221392
-0.8866178549071216
-14.72934193415389
-5.436222171218491
-0.9638127950696138
1.8327707863822245
16.23176896740319
-1.4512960487433082
13.17523498955505
-8.985903377113727
16.55555545295788
10.86727061414275
-16.746555290632692
-18.088558519239335
7.916347700770224
4.1490657845215795
-10.482769351582201
-4.706915562220857
-18.857064075595073
3.9806377158617265
5.822201029133369
5.629217786585514
4.413705979792026
-8.664509313350887
-0.8237366795565978
22.10344977526578
-12.59253231553431
-12.895508900652036
-8.729644588477488
15.565955344617723
-17.648044993849766
-1.0489148496618224
-7.6305326209129065
-1.0730223693972247
-5.051870596841015
17.652349261793404
5.486495382730039
12.05565955964845
13.663152719413757
-14.542350769968067
2.604403385297167
-12.350577805908422
-1.3248604194189189
-14.612423700075267
15.844840675634954
14.894585847583414
-18.52248650131549
0.45889403823466823
-2.01367556604425
22.674423609773463
-6.810118166357576
-0.6268517211760741
0.2933012364498646
-3.049655498519651
-1.2627813268220733
-20.98544606150598
-9.15179536848714
-14.47973961860358
-4.318771753601205
9.243635581093463
7.782388371922778
-2.6750252292845134
-22.66545288538425
-8.584624351889474
-13.644562191681088
-17.831341468170383
-21.46739829958523
-9.823172846603027
-9.800282197696815
0.11022818757675545
2.405822571222439
2.1573441114732597
19.985897244474316
-15.643172347555787
8.418112395944807
-18.145417499277265
12.252424945694269
6.285520425926638
-4.2794021405388625
1.8149046482898887
-22.832037644345355
16.79774279960649
6.269705212709994
33.17259293882225
-9.183434257841643
0.894238034006875
12.86753722477549
-8.566794770692168
13.235063189529262
2.189367486443996
23.819155719002346
33.693256042868725
-3.390536869486326
0.7208646547598557
4.805582959177686
-2.707840322085242
-12.888062135373458
-6.79470393280838
-13.928827882129422
7.66761613571441
15.709483841612924
5.660763032595781
-1.9163300640460672
-13.020862793990574
-11.88261200775248
6.333437558526149
8.813476186115654
-12.593411123504723
10.78932389957595
-10.315730512836646
-23.439581040310213
5.224639041966997
-2.2216630893056175
3.8726363926693326
-0.938499277479905
0.8322465814226195
17.127125390502936
10.1735256268537
10.924737300965948
14.658115835558531
14.45821726974886
16.679314967462805
11.830727390315648
6.34291848967719
24.39299136614584
6.537931292332151
0.1309212272679199
-4.9676966278449886
10.059516854565883
-6.239124414439637
-4.4724783084074256
25.671044502196217
8.297647029755876
-3.1719360873920914
-9.200038743640903
-2.69130944086298
7.173796061135877
3.9299825482051745
-10.118811385242893
17.065014608219762
0.5391063880781805
0.7677955136962145
-3.974997714073621
25.846419080169145
12.302969264814637
2.5671512979942093
-2.4303262022450625
-8.592646817145118
8.095097057531607
-0.5845842812095154
20.13911923803814
8.799346208146137
8.037760574221297
8.409919158382635
15.266698546201804
6.751653496294024
0.37093124060904736
-20.69044586403983
1.5933940828227633
-0.3132618121132338
-2.2131473885130086
4.716950780632266
15.800435637372349
-4.47095617042041
1.2803259157091798
18.01535058574502
-8.261681177255987
3.915486378567028
17.657709490742846
-16.3373618248148
-2.2182861354039103
10.508700631801505
-10.86463303476978
-8.291370822256487
5.862168474320381
16.223040274214707
20.8068575273909
3.336107031661485
15.684286487437825
19.08502420650321
-7.9759917132760245
17.505087301228745
18.210008931164815
17.472974533769968
5.345622366210207
-6.386347922737846
6.786084620443597
10.708911008851624
6.564363043516321
5.885410354455675
-4.670759119586546
