Ambolo Wablo, 453, 17, 687, 399, 451, 673, 580, 988, 460, 154, 
Blendomere Zhazden, 9, 628, 35, 962, 744, 372, 751, 473, 717, 277, 385, 193, 885, 575, 435, 101, 327, 
Cremdo Allverten, 928, 423, 403, 515, 271, 65, 935, 76, 424, 550, 
Desmodeous Bunk, 927, 350, 910, 
Erankun Bloff, 467, 449, 605, 
Fii Tembato, 776, 
Gumpald Scordle, 448, 641, 56, 952, 521, 149, 


Jacobian Jones, 827, 358, 204, 415, 903, 672, 409, 

Linten Hamperdocio, 471, 88, 547, 422, 587, 667, 140, 207, 776, 589, 155, 611, 485, 487, 497, 8, 740, 
Melba Ubert, 847, 320, 
Nomblin Tofurga, 630, 414, 260, 149, 695, 
Oberon Norebo, 577, 619, 129, 186, 698, 666, 616, 836, 422, 84, 347, 222, 46, 680, 
